structure(list(airport = c(1L, 2L, 3L, 4L, 5L, 6L, 7L, 8L, 9L, 
10L, 11L, 12L, 13L, 14L, 15L, 16L, 17L, 18L, 19L, 20L, 21L, 22L, 
23L, 24L, 25L, 26L, 27L, 28L, 29L, 30L, 32L, 34L, 35L, 36L, 37L, 
38L, 39L, 40L, 41L, 42L, 43L, 44L, 45L, 46L, 47L, 48L, 49L, 50L, 
51L, 52L, 53L, 54L, 55L, 56L, 57L, 58L, 59L, 60L, 61L, 62L, 63L, 
64L, 65L, 66L, 67L, 68L, 69L, 70L, 71L, 73L, 74L, 75L, 76L, 77L, 
78L, 79L, 80L, 81L, 82L, 83L, 84L, 85L, 86L, 87L, 88L, 89L, 90L, 
91L, 92L, 93L, 94L, 95L, 96L, 97L, 98L, 99L, 103L, 104L, 106L, 
107L, 108L, 109L, 110L, 111L, 112L, 113L, 114L, 115L, 116L, 117L, 
118L, 119L, 120L, 121L, 122L, 123L, 124L, 125L, 126L, 127L, 128L, 
129L, 130L, 131L, 132L, 133L, 134L, 135L, 136L, 137L, 138L, 139L, 
140L, 141L, 142L, 143L, 144L, 145L, 146L, 147L, 148L, 149L, 150L, 
151L, 152L, 153L, 154L, 155L, 156L, 159L, 160L, 161L, 162L, 163L, 
164L, 165L, 166L, 167L, 168L, 169L, 170L, 171L, 172L, 173L, 174L, 
175L, 176L, 177L, 178L, 179L, 180L, 181L, 182L, 183L, 184L, 185L, 
186L, 187L, 188L, 189L, 190L, 191L, 192L, 193L, 194L, 195L, 196L, 
197L, 198L, 199L, 200L, 201L, 202L, 203L, 204L, 205L, 206L, 207L, 
208L, 213L, 214L, 215L, 216L, 217L, 218L, 219L, 221L, 222L, 223L, 
224L, 235L, 236L, 237L, 238L, 239L, 241L, 243L, 244L, 245L, 246L, 
247L, 248L, 249L, 250L, 251L, 252L, 254L, 255L, 257L, 258L, 265L, 
267L, 268L, 269L, 270L, 273L, 276L, 277L, 278L, 280L, 281L, 282L, 
283L, 284L, 285L, 286L, 287L, 288L, 289L, 290L, 291L, 294L, 295L, 
296L, 297L, 298L, 299L, 300L, 301L, 302L, 303L, 304L, 305L, 306L, 
307L, 308L, 309L, 310L, 311L, 312L, 313L, 314L, 315L, 316L, 317L, 
318L, 319L, 321L, 322L, 323L, 324L, 325L, 328L, 329L, 330L, 331L, 
332L, 333L, 334L, 336L, 337L, 338L, 339L, 340L, 341L, 342L, 343L, 
344L, 345L, 346L, 347L, 348L, 349L, 350L, 351L, 352L), GMT = c(-8, 
-8, -8, -8, -8, -8, -7, -8, -8, -8, -8, -8, -7, -8, -8, -8, -8, 
-7, -8, -8, -8, -8, -8, -8, -8, -8, -8, -8, -5, -6, -5, -7, -5, 
-5, -5, -5, -5, -6, -5, -5, -5, -5, -5, -6, -5, -5, -7, -6, -5, 
-5, -5, -5, -5, -6, -6, -6, -6, -5, -6, -6, -5, -5, -6, -6, -7, 
-5, -6, -5, -8, -6, -6, -5, -5, -5, -5, -6, -6, -6, -5, -6, -6, 
-5, -6, -6, -5, -5, -6, -6, -6, -6, -6, -6, -6, -5, -6, -6, -5, 
-5, -8, -5, -5, -5, -5, -5, -5, -7, -6, -6, -5, -5, -6, -5, -7, 
-5, -6, -8, -5, -5, -5, -5, -7, -5, -5, -7, -7, -5, -6, -7, -5, 
-5, -5, -5, -8, -8, -8, -6, -6, -6, -6, -6, -6, -5, -5, -6, -5, 
-6, -5, -5, -5, -6, -7, -7, -7, -7, -7, -7, -6, -5, -6, -5, -5, 
-6, -6, -6, -5, -6, -6, -6, -7, -6, -6, -6, -6, -6, -5, -7, -5, 
-6, -6, -5, -5, -5, -5, -5, -5, -5, -5, -5, -5, -5, -5, -5, -5, 
-5, -5, -5, -5, -5, -6, -6, -6, -5, -7, -7, -7, -7, -7, -5, -8, 
-5, -7, -7, -6, -7, -5, -5, -8, -5, -6, -6, -7, -7, -8, -5, -6, 
-6, -5, -5, -6, -5, -7, -7, -5, -6, -7, -6, -8, -6, -6, -6, -6, 
-6, -6, -6, -6, -6, -6, -6, -6, -6, -5, -7, -7, -8, -8, -8, -8, 
-8, -8, -8, -8, -8, -8, -7, -6, -6, -6, -5, -6, -5, -6, -5, -6, 
-5, -5, -5, -7, -7, -7, -7, -5, -5, -6, -8, -5, -7, -6, -7, -7, 
-6, -5, -7, -5, -5, -6, -5, -5, -6, -5, -8, -6, -6, -7, -7, -5, 
-8), lon = c(-117.183333333333, -122.375, -119.768055555556, 
-118.35, -122.216666666667, -118.407222222222, -112.033333333333, 
-122.5975, -121.919444444444, -115.166666666667, -117.866666666667, 
-121.616666666667, -106.609166666667, -117.533888888889, -121.25, 
-122.866666666667, -121.85, -110.941111111111, -123.211944444444, 
-122.311666666667, -121.15, -119.716666666667, -118.15, -117.601111111111, 
-122.056944444444, -122.533333333333, -119.119166666667, -120.533333333333, 
-73.7833333333333, -90.37, -80.2666666666667, -104.673055555556, 
-84.6677777777778, -84.1833333333333, -77.0377777777778, -76.2, 
-83.3533333333333, -95.8880555555556, -76.1166666666667, -73.8666666666667, 
-71, -75.2411111111111, -82.5330555555555, -87.9047222222222, 
-81.3088888888889, -81.85, -104.716666666667, -87.9, -77.4558333333333, 
-82.8833333333333, -74.1686111111111, -80.2327777777778, -86.2947222222222, 
-95.2788888888889, -98.4666666666667, -94.7305555555556, -97.6008333333333, 
-80.1527777777778, -86.6780555555556, -97.0380555555556, -76.6683333333333, 
-72.6833333333333, -92.2244444444444, -97.4333333333333, -111.977777777778, 
-85.7361111111111, -95.3413888888889, -81.6333333333333, -116.5, 
-90.2580555555556, -95.9, -81.7552777777778, -82.5544444444444, 
-80.0955555555555, -84.4280555555556, -87.75, -97.67, -93.2169444444445, 
-76.7633333333333, -90.5166666666667, -89.3375, -80.9333333333333, 
-93.6630555555556, -96.7419444444444, -78.7875, -84.6058333333333, 
-89.6833333333333, -89.9666666666667, -93.3833333333333, -88.2833333333333, 
-91.7108333333333, -96.3833333333333, -96.7591666666667, -83.8077777777778, 
-92.3833333333333, -92.5, -77.6725, -83.0797222222222, -119.840277777778, 
-78.7322222222222, -73.8, -73.1002777777778, -71.4333333333333, 
-79.9372222222222, -85.5227777777778, -108.533333333333, -86.75, 
-86.775, -81.1166666666667, -81.2, -95.6636111111111, -71.4355555555556, 
-106.383333333333, -83.9166666666667, -90.0758333333333, -119.056666666667, 
-73.1533333333333, -68.8166666666667, -70.3, -75.4402777777778, 
-116.222777777778, -77.9025, -81.4422222222222, -111.366666666667, 
-106.464444444444, -77.3166666666667, -96.8166666666667, -103.05, 
-80.0405555555556, -81.6, -73.7, -75.6, -122.3, -124.1, -121.733333333333, 
-96.85, -97.75, -101.833333333333, -101.705833333333, -97.5011111111111, 
-102.201944444444, -84.3502777777778, -80.6333333333333, -87.1833333333333, 
-82.2188888888889, -88.2427777777778, -75.7233333333333, -81.05, 
-82.2666666666667, -87.5325, -114.6, -104.5, -107.75, -108.516666666667, 
-112.15, -111.683333333333, -92.1833333333333, -85.5519444444444, 
-88.1333333333333, -80.1833333333333, -85.1166666666667, -86.4, 
-100.75, -101.283333333333, -86.3166666666667, -97.1833333333333, 
-86.5252777777778, -91.25, -111.153055555556, -91.4841666666667, 
-88.5166666666667, -89.6830555555556, -91.15, -93.8166666666667, 
-84.5833333333333, -114.083333333333, -85.2038888888889, -89.0666666666667, 
-85.6833333333333, -82.5416666666667, -79.9833333333333, -78.8833333333333, 
-77.4166666666667, -82.5333333333333, -82.4075, -83.7436111111111, 
-79.2005555555556, -78.9666666666667, -77.6166666666667, -81.9666666666667, 
-78.45, -71.8758333333333, -81.7666666666667, -75.3833333333333, 
-75.9797222222222, -81.7666666666667, -76.4666666666667, -76.9, 
-91.9875, -98.2386111111111, -92.0333333333333, -84.9388888888889, 
-114.266666666667, -111.983333333333, -112.066666666667, -110.733333333333, 
-112.4975, -82.6875, -120, -76.4930555555556, -106.933333333333, 
-106.869444444444, -100.283333333333, -112.583333333333, -74.5833333333333, 
-83.0097222222222, -122.301944444444, -85.5822222222222, -99.6833333333333, 
-89.0972222222222, -106.916666666667, -114.316666666667, -118.084444444444, 
-74.0166666666667, -94.5833333333333, -95.1527777777778, -72.8833333333333, 
-74.8133333333333, -89.6833333333333, -80.3361111111111, -107.894166666667, 
-109.033333333333, -70.0666666666667, -97.4166666666667, -114.487777777778, 
-94.7166666666667, -120.641944444444, -94.3666666666667, -94.3066666666667, 
-99.4666666666667, -97.2333333333333, -98.4166666666667, -98.5166666666667, 
-94.1, -97.7166666666667, -100.496388888889, -95.4025, -96.3638888888889, 
-88.9158333333333, -90.7166666666667, -87.5666666666667, -113.1, 
-113.6, -115.791666666667, -117.266666666667, -115.566666666667, 
-117.833333333333, -119.4, -119.2, -120.45, -124.233333333333, 
-121.85, -120.954444444444, -112.016666666667, -92.5486111111111, 
-93.2166666666667, -96.9166666666667, -83.65, -88.75, -83.2833333333333, 
-88.3833333333333, -81.45, -85.45, -79.7166666666667, -84.2, 
-77.8833333333333, -108.233333333333, -111.116666666667, -104.8, 
-103.6, -80.2333333333333, -88.4438888888889, -97.8288888888889, 
-117.033333333333, -81.3833333333333, -105.666666666667, -88.77, 
-104.55, -106.868888888889, -100.7, -79.5883333333333, -103.103611111111, 
-84.8, -88.5733333333333, -89.45, -81.0513888888889, -80.6975, 
